frequencies
[ -2.45500000e-03  -2.20200000e-03  -1.06300000e-03   2.04644200e+00
   2.07476800e+00   2.35344700e+00   2.62140500e+00   2.92341100e+00
   2.95586800e+00   3.36289000e+00   3.46287700e+00   3.59530200e+00
   3.64278200e+00   5.19198100e+00   5.29333100e+00   5.37002500e+00
   5.43055300e+00   5.62993400e+00   8.37622100e+00   8.50535800e+00
   8.57643300e+00   8.58080700e+00   8.88806900e+00   8.89803400e+00
   9.09072900e+00   9.26967400e+00   9.31936900e+00   9.41181900e+00
   9.58010400e+00   9.75606200e+00   9.89544600e+00   1.02662330e+01
   1.08571890e+01   1.09202050e+01   1.15348550e+01   1.16472410e+01]
End
0.0188000711903
0.0187963075912
0.018794723885
3.72807412251e-05
4.90031782044e-05
2.97610561152e-05
0.000353883653578
2.12710771698e-06
0.000648448165128
0.00733133659894
0.000147167268601
0.00588269540016
0.000488206402097
0.0564601602969
0.0261899745854
0.00723766535222
0.0316736262608
0.000385354021886
0.511805896835
0.0267106368924
0.191101760559
0.149748419205
0.167244146139
0.228350798019
0.0174303039224
0.0442993015338
0.000875585960629
0.010413809408
0.0143645369575
0.0107907644078
2.5235756589e-05
0.000808575017327
0.0328410964516
0.0248372940954
0.130085468801
0.0442109325203
