frequencies
[ -2.89100000e-03  -2.55800000e-03  -1.05800000e-03   2.03161600e+00
   2.06873300e+00   2.30455000e+00   2.58281400e+00   2.92047100e+00
   2.94165300e+00   3.34127900e+00   3.44954400e+00   3.57547600e+00
   3.63570100e+00   5.07307200e+00   5.19910100e+00   5.28603400e+00
   5.34955300e+00   5.57660400e+00   8.32289000e+00   8.38119200e+00
   8.48795600e+00   8.49647800e+00   8.85897500e+00   8.88137900e+00
   9.03723700e+00   9.25728800e+00   9.30016200e+00   9.39201000e+00
   9.56555900e+00   9.73563900e+00   9.90326500e+00   1.02787060e+01
   1.09616990e+01   1.10131170e+01   1.17146480e+01   1.18298900e+01]
End
0.0188445483374
0.0188386132949
0.0188372514994
5.46986993426e-05
6.98130664277e-05
8.36822763201e-06
0.000411728912521
4.07829979373e-07
0.000837654960411
0.00853637354374
6.52282030446e-05
0.00692260827444
0.000733084560192
0.0639715079057
0.0270359528219
0.0108929237812
0.0336321452894
0.000435384505529
0.501840900873
0.008972560219
0.173819135429
0.134904379258
0.168099261078
0.256190647088
0.0156364739756
0.0500103986032
0.00121370037432
0.00824354814213
0.0132773906031
0.0105304412852
0.000252972051589
0.000722446027675
0.0372880298531
0.0295029416044
0.141214138087
0.0473723172271
