frequencies
[ -2.89500000e-03  -2.79100000e-03  -1.82500000e-03   2.05783300e+00
   2.07555400e+00   2.62821000e+00   2.64325200e+00   2.88465500e+00
   2.89245200e+00   3.55298300e+00   3.55882100e+00   3.65596500e+00
   3.66391300e+00   5.77513100e+00   5.77561200e+00   5.83258000e+00
   5.83446800e+00   5.97055300e+00   8.72866900e+00   8.72914300e+00
   8.72966900e+00   9.15428200e+00   9.15577600e+00   9.37108600e+00
   9.37219800e+00   9.43415400e+00   9.43637000e+00   9.51753900e+00
   9.51810200e+00   9.64883100e+00   9.65075100e+00   1.03733610e+01
   1.04803300e+01   1.04825390e+01   1.05113930e+01   1.05145580e+01]
End
0.0183382085013
0.0183381494725
0.018338145753
1.38441594814e-08
8.95013839924e-09
2.83312153221e-07
5.80664794358e-09
1.08910076488e-06
7.09618129213e-08
7.92709184467e-07
5.2102457226e-07
6.0286475391e-08
2.57896466624e-07
5.45460592744e-07
5.16720546842e-07
3.6867739718e-08
3.92923708267e-07
8.62805987726e-09
0.590513935443
0.590513569554
0.590514020149
1.14282546285e-08
1.50481001977e-07
1.08821090643e-08
3.86357776812e-07
1.3193634438e-09
3.34874525674e-07
1.82097867433e-07
8.35280771929e-09
9.2403480091e-10
1.16530500236e-07
3.39096116829e-10
6.11322045992e-08
8.77475576776e-08
9.24215729127e-09
6.37085194835e-08
