frequencies
[ -2.46100000e-03  -2.44600000e-03  -1.70100000e-03   2.06735300e+00
   2.08492900e+00   2.61312800e+00   2.67897700e+00   2.89623600e+00
   2.90891200e+00   3.54693800e+00   3.55080300e+00   3.65738100e+00
   3.66562600e+00   5.76376000e+00   5.76875800e+00   5.82663800e+00
   5.83060000e+00   5.93783200e+00   8.70469300e+00   8.76020500e+00
   8.79644000e+00   9.16578300e+00   9.17008800e+00   9.34233600e+00
   9.34951900e+00   9.43532900e+00   9.46596600e+00   9.50885000e+00
   9.51327500e+00   9.63870500e+00   9.64675600e+00   1.03235120e+01
   1.04876810e+01   1.04923190e+01   1.05009110e+01   1.05441550e+01]
End
0.0183955236893
0.0183965292999
0.0183953476655
5.11224090872e-07
2.34906150084e-08
2.25988048077e-05
1.92906491449e-06
9.59995461171e-06
3.80281233707e-05
0.000184087407457
6.36532573443e-05
9.5283459622e-05
2.66791240747e-07
0.000844827872565
0.00157187031215
3.30993050055e-05
0.00119822065977
2.06848348273e-06
0.586223198118
0.584352035256
0.57984297551
0.00313561456666
0.000658798694579
0.000213164245945
0.00135454467214
0.00236779840408
0.00100953183958
0.000482481471272
0.000278094686443
0.000589192074381
0.000926636257551
7.88385235707e-06
0.000551896062815
0.00018272689675
0.00217155359867
0.00102754437408
