frequencies
[ -2.13000000e-03  -2.06900000e-03  -1.59000000e-03   2.07438200e+00
   2.08986100e+00   2.59363900e+00   2.70539400e+00   2.89805300e+00
   2.92867300e+00   3.52864800e+00   3.54404300e+00   3.65805600e+00
   3.66749800e+00   5.73657300e+00   5.73989500e+00   5.80868700e+00
   5.81619100e+00   5.90369500e+00   8.67444500e+00   8.77978700e+00
   8.84273000e+00   9.14416400e+00   9.14426000e+00   9.28882800e+00
   9.33098300e+00   9.42802400e+00   9.45454700e+00   9.50088300e+00
   9.56148900e+00   9.65725700e+00   9.67214900e+00   1.02849750e+01
   1.04762620e+01   1.05093670e+01   1.05487800e+01   1.06039300e+01]
End
0.0184531283021
0.0184512176141
0.018450870748
1.59621674375e-06
1.54582439928e-10
6.05961714198e-05
1.07967843782e-05
2.57365243864e-05
0.000101433046548
0.000631846428573
0.000153652387267
0.000387581558414
1.44978337643e-06
0.0031136563376
0.00478655547151
2.6378615036e-05
0.00501809088251
2.02497065332e-07
0.577810798704
0.571224450271
0.550550556946
0.0055054865414
0.000401396787634
0.00029054677021
0.00746949975811
0.00657462953648
0.000538025041666
0.0036123535743
0.00527898006614
0.00255226120702
0.00181811392581
3.26474828978e-05
0.00127735215759
0.000694394941789
0.0107816440852
0.00456302155837
