frequencies
[ -1.85800000e-03  -1.74000000e-03  -1.48600000e-03   2.07930200e+00
   2.09122900e+00   2.57015500e+00   2.72157300e+00   2.89986600e+00
   2.94452700e+00   3.50673200e+00   3.53474700e+00   3.65682900e+00
   3.66820400e+00   5.69604700e+00   5.69810500e+00   5.77482200e+00
   5.78850400e+00   5.87083100e+00   8.64026800e+00   8.78924500e+00
   8.86666600e+00   9.09484900e+00   9.10225000e+00   9.22057900e+00
   9.31295600e+00   9.40819700e+00   9.42916100e+00   9.49469700e+00
   9.60209100e+00   9.69428100e+00   9.71964000e+00   1.02585120e+01
   1.04784970e+01   1.05358030e+01   1.06281520e+01   1.06947540e+01]
End
0.0185074364063
0.0185055550016
0.0185048855074
3.33105057575e-06
1.64482502952e-07
9.58071388234e-05
3.15896437149e-05
3.79888467901e-05
0.000169159441657
0.00126715056023
0.000227645968506
0.000858449802653
1.21806604982e-05
0.00935852349254
0.006393272815
3.17206463957e-06
0.010239155603
4.87499162979e-06
0.568064051455
0.554259941947
0.50786376254
2.71525941588e-05
0.00703521090447
0.000681067463959
0.0151841740921
0.00918096742376
0.000127344787409
0.0105460174872
0.0115029892698
0.00530825666813
0.00104071363529
9.32427214908e-05
0.00311779627361
0.00179717436984
0.0253478709278
0.0103210657744
