frequencies
[ -1.66500000e-03  -1.51000000e-03  -1.37300000e-03   2.08238300e+00
   2.08960500e+00   2.54293700e+00   2.72679200e+00   2.90315800e+00
   2.95667300e+00   3.48287300e+00   3.52405700e+00   3.65318600e+00
   3.66729500e+00   5.63955900e+00   5.65034900e+00   5.72637300e+00
   5.74883200e+00   5.83869600e+00   8.60286800e+00   8.78877300e+00
   8.86807300e+00   9.03074100e+00   9.05354600e+00   9.14331100e+00
   9.29098600e+00   9.38030600e+00   9.40640800e+00   9.48908900e+00
   9.62001100e+00   9.73208800e+00   9.77204300e+00   1.02433140e+01
   1.04980960e+01   1.05729850e+01   1.07369070e+01   1.08144910e+01]
End
0.0185597951964
0.0185582634705
0.0185575166072
5.99485509884e-06
1.06314403344e-06
0.000118537421424
6.7704773397e-05
4.04359503781e-05
0.000232874748664
0.00204638755427
0.000276751504974
0.0014729854165
3.49167585164e-05
0.0153970415177
0.0103068070896
1.98595140368e-05
0.0155416747948
3.00560440946e-05
0.558010892007
0.531298339362
0.451332060385
0.00218171697879
0.0178385829562
0.00288610386107
0.0208252653931
0.0117226354508
1.56493379232e-06
0.0167778012942
0.0151715611276
0.00801053543818
0.000568948828524
0.000215499558704
0.00625294184798
0.00376357780925
0.0441577407345
0.0172524494781
