frequencies
[ -1.58000000e-03  -1.42300000e-03  -1.25000000e-03   2.08381200e+00
   2.08537800e+00   2.51214100e+00   2.72132900e+00   2.90821600e+00
   2.96505700e+00   3.45814600e+00   3.51258000e+00   3.64695000e+00
   3.66476400e+00   5.57133000e+00   5.59429800e+00   5.66721100e+00
   5.69924700e+00   5.80471300e+00   8.56263200e+00   8.77640000e+00
   8.84565000e+00   8.95432400e+00   9.00841600e+00   9.06563800e+00
   9.26321300e+00   9.35110500e+00   9.38703800e+00   9.48018300e+00
   9.62384500e+00   9.76051700e+00   9.81555300e+00   1.02376030e+01
   1.05372100e+01   1.06217270e+01   1.08700510e+01   1.09576310e+01]
End
0.018610193682
0.0186094209865
0.018608699665
9.94046917138e-06
3.30203097731e-06
0.000124849819967
0.000117189504753
3.38483227685e-05
0.00029178411206
0.0029439555596
0.000300263073735
0.00220107991044
7.08598754967e-05
0.0227569311478
0.0144927274153
0.000197844425008
0.0201872801554
7.86346804066e-05
0.548076782975
0.492442326038
0.372033370161
0.00986809122719
0.0523228120263
0.0134916917196
0.0233854962217
0.0163549102403
4.6038103419e-05
0.0191985958566
0.0166039457785
0.0100026289941
0.000437106190568
0.000401297263245
0.0107515469921
0.00672594444032
0.0644538220159
0.0242154122013
