frequencies
[ -1.59400000e-03  -1.50500000e-03  -1.15600000e-03   2.07880800e+00
   2.08371600e+00   2.47782600e+00   2.70653000e+00   2.91409400e+00
   2.96946600e+00   3.43331400e+00   3.50062600e+00   3.63807400e+00
   3.66078600e+00   5.49192300e+00   5.53045900e+00   5.60038900e+00
   5.64153600e+00   5.76718000e+00   8.51978400e+00   8.74754800e+00
   8.79962400e+00   8.86473200e+00   8.97229100e+00   8.99907600e+00
   9.22868800e+00   9.32477200e+00   9.36981700e+00   9.46693300e+00
   9.61886200e+00   9.77591200e+00   9.84752000e+00   1.02390840e+01
   1.05956450e+01   1.06820150e+01   1.10214430e+01   1.11175720e+01]
End
0.0186591081437
0.0186592957966
0.0186577982471
7.48491502902e-06
1.55902018704e-05
0.000114760112327
0.000174365007124
2.33786992262e-05
0.000350690341578
0.00394050797395
0.000298442305853
0.00302050073105
0.000124048963138
0.0310332878886
0.0185558749287
0.000753935732598
0.023969304545
0.000147851831844
0.538473582811
0.418976751348
0.283187202164
0.0246264794087
0.103145657988
0.0490179106798
0.0231262660468
0.0231542193659
0.000178026071244
0.0183908750261
0.0167494652447
0.0110228778978
0.000321462453937
0.000605758661293
0.0162495413873
0.0106057139527
0.0840094434693
0.0305109026858
