frequencies
[ -1.73200000e-03  -1.70300000e-03  -1.10400000e-03   2.07006800e+00
   2.08217000e+00   2.43998800e+00   2.68407600e+00   2.91937600e+00
   2.96960000e+00   3.40894200e+00   3.48834300e+00   3.62653400e+00
   3.65561100e+00   5.40187400e+00   5.45902300e+00   5.52782200e+00
   5.57699400e+00   5.72551000e+00   8.47443900e+00   8.69636000e+00
   8.73588400e+00   8.76449700e+00   8.94291800e+00   8.95103400e+00
   9.18761600e+00   9.30272100e+00   9.35346400e+00   9.45024800e+00
   9.60836300e+00   9.77868600e+00   9.86973000e+00   1.02454680e+01
   1.06708890e+01   1.07529280e+01   1.11854680e+01   1.12885140e+01]
End
0.0187077108939
0.0187067622605
0.0187050151633
1.4175594786e-05
2.34511840637e-05
9.14434680284e-05
0.000234339391642
1.35006357536e-05
0.000419653553224
0.00501758004202
0.000271357831868
0.0039156291063
0.000202449608638
0.0397057244853
0.0220560262806
0.0019894136882
0.0270030409609
0.000229928817243
0.529305338661
0.29415539534
0.216233191466
0.0601146027682
0.141333820958
0.114402120258
0.0213991835375
0.0307166605816
0.000362511904541
0.0159386736974
0.0162225041203
0.011263784435
0.000157490439272
0.000762329415451
0.0221049620156
0.0151367813814
0.101640029751
0.0359074846811
