frequencies
[ -2.06100000e-03  -1.91100000e-03  -1.07700000e-03   2.05926200e+00
   2.07920100e+00   2.39856200e+00   2.65537300e+00   2.92280100e+00
   2.96514800e+00   3.38541000e+00   3.47577200e+00   3.61229800e+00
   3.64951400e+00   5.30172500e+00   5.37998900e+00   5.45076400e+00
   5.50648300e+00   5.67968500e+00   8.42662100e+00   8.61582100e+00
   8.66146900e+00   8.66539400e+00   8.91571400e+00   8.91952300e+00
   9.14119600e+00   9.28461000e+00   9.33692500e+00   9.43149300e+00
   9.59482100e+00   9.77117400e+00   9.88489100e+00   1.02549240e+01
   1.07592710e+01   1.08329150e+01   1.13576910e+01   1.14660890e+01]
End
0.0187545508273
0.0187524040854
0.0187507323125
2.39272540078e-05
3.4219927816e-05
6.05305707937e-05
0.00029456835854
6.29323251421e-06
0.000513439965612
0.00615452685991
0.000219698086192
0.00487395836516
0.000318321647199
0.0482973436001
0.024625037722
0.00415711552047
0.0295067368142
0.000313312697737
0.520539818281
0.11485593571
0.174837506211
0.154331772121
0.160301200914
0.181338859265
0.0193737015303
0.0378760832188
0.000593362167182
0.0130613589591
0.0153705798853
0.0110895216825
2.19397442871e-05
0.00083002744097
0.0277441577247
0.0199799855618
0.116976436152
0.0404337474899
