     diagonalizing the dynamical matrix ...

 q =       0.0000      0.0000      0.0000
 **************************************************************************
     freq (    1) =      -0.002891 [THz] =      -0.096447 [cm-1]
 ( -0.000041   0.000000    -0.288634   0.000000     0.000177   0.000000   )
 (  0.000151   0.000000    -0.288808   0.000000    -0.000114   0.000000   )
 (  0.000429   0.000000    -0.288691   0.000000    -0.000393   0.000000   )
 (  0.000155   0.000000    -0.288590   0.000000    -0.000089   0.000000   )
 (  0.000083   0.000000    -0.288682   0.000000     0.000093   0.000000   )
 (  0.000068   0.000000    -0.288645   0.000000     0.000237   0.000000   )
 (  0.000041   0.000000    -0.288634   0.000000    -0.000177   0.000000   )
 ( -0.000068   0.000000    -0.288645   0.000000    -0.000237   0.000000   )
 ( -0.000083   0.000000    -0.288682   0.000000    -0.000093   0.000000   )
 ( -0.000155   0.000000    -0.288590   0.000000     0.000089   0.000000   )
 ( -0.000429   0.000000    -0.288691   0.000000     0.000393   0.000000   )
 ( -0.000151   0.000000    -0.288808   0.000000     0.000114   0.000000   )
     freq (    2) =      -0.002558 [THz] =      -0.085328 [cm-1]
 ( -0.241417   0.000000     0.000011   0.000000     0.158337   0.000000   )
 ( -0.241315   0.000000    -0.000173   0.000000     0.158270   0.000000   )
 ( -0.241449   0.000000    -0.000471   0.000000     0.158285   0.000000   )
 ( -0.241437   0.000000    -0.000207   0.000000     0.158358   0.000000   )
 ( -0.241330   0.000000    -0.000100   0.000000     0.158295   0.000000   )
 ( -0.241436   0.000000    -0.000023   0.000000     0.158285   0.000000   )
 ( -0.241417   0.000000    -0.000011   0.000000     0.158337   0.000000   )
 ( -0.241436   0.000000     0.000023   0.000000     0.158285   0.000000   )
 ( -0.241330   0.000000     0.000100   0.000000     0.158295   0.000000   )
 ( -0.241437   0.000000     0.000207   0.000000     0.158358   0.000000   )
 ( -0.241449   0.000000     0.000471   0.000000     0.158285   0.000000   )
 ( -0.241315   0.000000     0.000173   0.000000     0.158270   0.000000   )
     freq (    3) =      -0.001058 [THz] =      -0.035292 [cm-1]
 ( -0.158393   0.000000     0.000055   0.000000    -0.241314   0.000000   )
 ( -0.158300   0.000000     0.000016   0.000000    -0.241338   0.000000   )
 ( -0.158310   0.000000     0.000052   0.000000    -0.241399   0.000000   )
 ( -0.158310   0.000000    -0.000011   0.000000    -0.241435   0.000000   )
 ( -0.158234   0.000000     0.000016   0.000000    -0.241479   0.000000   )
 ( -0.158298   0.000000     0.000089   0.000000    -0.241409   0.000000   )
 ( -0.158393   0.000000    -0.000055   0.000000    -0.241314   0.000000   )
 ( -0.158298   0.000000    -0.000089   0.000000    -0.241409   0.000000   )
 ( -0.158234   0.000000    -0.000016   0.000000    -0.241479   0.000000   )
 ( -0.158310   0.000000     0.000011   0.000000    -0.241435   0.000000   )
 ( -0.158310   0.000000    -0.000052   0.000000    -0.241399   0.000000   )
 ( -0.158300   0.000000    -0.000016   0.000000    -0.241338   0.000000   )
     freq (    4) =       2.031616 [THz] =      67.767411 [cm-1]
 (  0.327500   0.000000    -0.036696   0.000000     0.036466   0.000000   )
 (  0.231758   0.000000    -0.015866   0.000000    -0.002460   0.000000   )
 (  0.368196   0.000000     0.049127   0.000000    -0.049149   0.000000   )
 (  0.263579   0.000000     0.040140   0.000000    -0.024096   0.000000   )
 (  0.225172   0.000000    -0.005984   0.000000     0.022309   0.000000   )
 (  0.266330   0.000000    -0.033666   0.000000     0.027096   0.000000   )
 ( -0.327500   0.000000    -0.036696   0.000000    -0.036466   0.000000   )
 ( -0.266330   0.000000    -0.033666   0.000000    -0.027096   0.000000   )
 ( -0.225172   0.000000    -0.005984   0.000000    -0.022309   0.000000   )
 ( -0.263579   0.000000     0.040140   0.000000     0.024096   0.000000   )
 ( -0.368196   0.000000     0.049127   0.000000     0.049149   0.000000   )
 ( -0.231758   0.000000    -0.015866   0.000000     0.002460   0.000000   )
     freq (    5) =       2.068733 [THz] =      69.005512 [cm-1]
 (  0.032310   0.000000     0.331584   0.000000     0.027021   0.000000   )
 ( -0.007669   0.000000     0.280482   0.000000     0.018108   0.000000   )
 ( -0.030252   0.000000     0.358798   0.000000    -0.015620   0.000000   )
 (  0.028496   0.000000     0.242596   0.000000    -0.003191   0.000000   )
 (  0.002711   0.000000     0.236966   0.000000    -0.007826   0.000000   )
 ( -0.032240   0.000000     0.249091   0.000000    -0.018557   0.000000   )
 (  0.032310   0.000000    -0.331584   0.000000     0.027021   0.000000   )
 ( -0.032240   0.000000    -0.249091   0.000000    -0.018557   0.000000   )
 (  0.002711   0.000000    -0.236966   0.000000    -0.007826   0.000000   )
 (  0.028496   0.000000    -0.242596   0.000000    -0.003191   0.000000   )
 ( -0.030252   0.000000    -0.358798   0.000000    -0.015620   0.000000   )
 ( -0.007669   0.000000    -0.280482   0.000000     0.018108   0.000000   )
     freq (    6) =       2.304550 [THz] =      76.871506 [cm-1]
 ( -0.142380   0.000000     0.116995   0.000000    -0.290909   0.000000   )
 ( -0.020277   0.000000     0.056125   0.000000    -0.209548   0.000000   )
 (  0.221431   0.000000    -0.075649   0.000000     0.373408   0.000000   )
 ( -0.139129   0.000000     0.001526   0.000000    -0.062730   0.000000   )
 ( -0.071705   0.000000     0.038724   0.000000    -0.074026   0.000000   )
 (  0.165086   0.000000     0.026203   0.000000     0.276400   0.000000   )
 ( -0.142380   0.000000    -0.116995   0.000000    -0.290909   0.000000   )
 (  0.165086   0.000000    -0.026203   0.000000     0.276400   0.000000   )
 ( -0.071705   0.000000    -0.038724   0.000000    -0.074026   0.000000   )
 ( -0.139129   0.000000    -0.001526   0.000000    -0.062730   0.000000   )
 (  0.221431   0.000000     0.075649   0.000000     0.373408   0.000000   )
 ( -0.020277   0.000000    -0.056125   0.000000    -0.209548   0.000000   )
     freq (    7) =       2.582814 [THz] =      86.153393 [cm-1]
 ( -0.015912   0.000000    -0.152581   0.000000    -0.399181   0.000000   )
 (  0.062067   0.000000     0.095841   0.000000     0.273979   0.000000   )
 ( -0.055631   0.000000     0.082585   0.000000     0.328773   0.000000   )
 ( -0.099210   0.000000    -0.022004   0.000000    -0.046064   0.000000   )
 (  0.139774   0.000000     0.050325   0.000000     0.057344   0.000000   )
 (  0.140028   0.000000    -0.050884   0.000000    -0.225849   0.000000   )
 (  0.015912   0.000000    -0.152581   0.000000     0.399181   0.000000   )
 ( -0.140028   0.000000    -0.050884   0.000000     0.225849   0.000000   )
 ( -0.139774   0.000000     0.050325   0.000000    -0.057344   0.000000   )
 (  0.099210   0.000000    -0.022004   0.000000     0.046064   0.000000   )
 (  0.055631   0.000000     0.082585   0.000000    -0.328773   0.000000   )
 ( -0.062067   0.000000     0.095841   0.000000    -0.273979   0.000000   )
     freq (    8) =       2.920471 [THz] =      97.416439 [cm-1]
 ( -0.356503   0.000000     0.037705   0.000000    -0.148276   0.000000   )
 (  0.168624   0.000000    -0.097434   0.000000     0.099091   0.000000   )
 (  0.175039   0.000000    -0.059300   0.000000    -0.265692   0.000000   )
 ( -0.121469   0.000000     0.045773   0.000000    -0.242298   0.000000   )
 (  0.128483   0.000000     0.020817   0.000000     0.265619   0.000000   )
 ( -0.003227   0.000000     0.049017   0.000000     0.177591   0.000000   )
 (  0.356503   0.000000     0.037705   0.000000     0.148276   0.000000   )
 (  0.003227   0.000000     0.049017   0.000000    -0.177591   0.000000   )
 ( -0.128483   0.000000     0.020817   0.000000    -0.265619   0.000000   )
 (  0.121469   0.000000     0.045773   0.000000     0.242298   0.000000   )
 ( -0.175039   0.000000    -0.059300   0.000000     0.265692   0.000000   )
 ( -0.168624   0.000000    -0.097434   0.000000    -0.099091   0.000000   )
     freq (    9) =       2.941653 [THz] =      98.122970 [cm-1]
 ( -0.205039   0.000000    -0.191436   0.000000     0.293385   0.000000   )
 ( -0.142425   0.000000    -0.092765   0.000000     0.209325   0.000000   )
 (  0.199526   0.000000     0.180049   0.000000     0.065114   0.000000   )
 (  0.033262   0.000000     0.053846   0.000000    -0.265928   0.000000   )
 (  0.012999   0.000000    -0.000766   0.000000    -0.311476   0.000000   )
 (  0.090388   0.000000     0.056783   0.000000     0.052500   0.000000   )
 ( -0.205039   0.000000     0.191436   0.000000     0.293385   0.000000   )
 (  0.090388   0.000000    -0.056783   0.000000     0.052500   0.000000   )
 (  0.012999   0.000000     0.000766   0.000000    -0.311476   0.000000   )
 (  0.033262   0.000000    -0.053846   0.000000    -0.265928   0.000000   )
 (  0.199526   0.000000    -0.180049   0.000000     0.065114   0.000000   )
 ( -0.142425   0.000000     0.092765   0.000000     0.209325   0.000000   )
     freq (   10) =       3.341279 [THz] =     111.453069 [cm-1]
 ( -0.278931   0.000000     0.265466   0.000000     0.134248   0.000000   )
 (  0.192809   0.000000    -0.062783   0.000000     0.055298   0.000000   )
 ( -0.084243   0.000000    -0.320815   0.000000    -0.046911   0.000000   )
 ( -0.055874   0.000000    -0.133276   0.000000    -0.004717   0.000000   )
 (  0.273870   0.000000     0.076599   0.000000    -0.089169   0.000000   )
 ( -0.036030   0.000000     0.256508   0.000000    -0.022007   0.000000   )
 ( -0.278931   0.000000    -0.265466   0.000000     0.134248   0.000000   )
 ( -0.036030   0.000000    -0.256508   0.000000    -0.022007   0.000000   )
 (  0.273870   0.000000    -0.076599   0.000000    -0.089169   0.000000   )
 ( -0.055874   0.000000     0.133276   0.000000    -0.004717   0.000000   )
 ( -0.084243   0.000000     0.320815   0.000000    -0.046911   0.000000   )
 (  0.192809   0.000000     0.062783   0.000000     0.055298   0.000000   )
     freq (   11) =       3.449544 [THz] =     115.064413 [cm-1]
 (  0.084151   0.000000     0.373775   0.000000    -0.000870   0.000000   )
 (  0.253197   0.000000     0.106318   0.000000     0.000502   0.000000   )
 ( -0.246379   0.000000    -0.226721   0.000000     0.051382   0.000000   )
 (  0.033469   0.000000    -0.205290   0.000000    -0.012794   0.000000   )
 (  0.288542   0.000000    -0.129818   0.000000     0.022950   0.000000   )
 ( -0.093126   0.000000     0.101069   0.000000    -0.010069   0.000000   )
 ( -0.084151   0.000000     0.373775   0.000000     0.000870   0.000000   )
 (  0.093126   0.000000     0.101069   0.000000     0.010069   0.000000   )
 ( -0.288542   0.000000    -0.129818   0.000000    -0.022950   0.000000   )
 ( -0.033469   0.000000    -0.205290   0.000000     0.012794   0.000000   )
 (  0.246379   0.000000    -0.226721   0.000000    -0.051382   0.000000   )
 ( -0.253197   0.000000     0.106318   0.000000    -0.000502   0.000000   )
     freq (   12) =       3.575476 [THz] =     119.265035 [cm-1]
 ( -0.179633   0.000000    -0.015248   0.000000     0.133683   0.000000   )
 (  0.053976   0.000000    -0.130548   0.000000    -0.082442   0.000000   )
 (  0.172666   0.000000    -0.356460   0.000000     0.194365   0.000000   )
 ( -0.132401   0.000000     0.037528   0.000000     0.151691   0.000000   )
 (  0.073275   0.000000     0.286589   0.000000    -0.170554   0.000000   )
 (  0.150859   0.000000     0.180642   0.000000    -0.119544   0.000000   )
 (  0.179633   0.000000    -0.015248   0.000000    -0.133683   0.000000   )
 ( -0.150859   0.000000     0.180642   0.000000     0.119544   0.000000   )
 ( -0.073275   0.000000     0.286589   0.000000     0.170554   0.000000   )
 (  0.132401   0.000000     0.037528   0.000000    -0.151691   0.000000   )
 ( -0.172666   0.000000    -0.356460   0.000000    -0.194365   0.000000   )
 ( -0.053976   0.000000    -0.130548   0.000000     0.082442   0.000000   )
     freq (   13) =       3.635701 [THz] =     121.273947 [cm-1]
 ( -0.173967   0.000000    -0.192783   0.000000    -0.036894   0.000000   )
 (  0.008766   0.000000    -0.145454   0.000000    -0.021059   0.000000   )
 (  0.256002   0.000000    -0.089928   0.000000    -0.211707   0.000000   )
 ( -0.121478   0.000000     0.209751   0.000000     0.145951   0.000000   )
 ( -0.076898   0.000000     0.353148   0.000000     0.210415   0.000000   )
 (  0.124119   0.000000     0.094188   0.000000    -0.108883   0.000000   )
 ( -0.173967   0.000000     0.192783   0.000000    -0.036894   0.000000   )
 (  0.124119   0.000000    -0.094188   0.000000    -0.108883   0.000000   )
 ( -0.076898   0.000000    -0.353148   0.000000     0.210415   0.000000   )
 ( -0.121478   0.000000    -0.209751   0.000000     0.145951   0.000000   )
 (  0.256002   0.000000     0.089928   0.000000    -0.211707   0.000000   )
 (  0.008766   0.000000     0.145454   0.000000    -0.021059   0.000000   )
     freq (   14) =       5.073072 [THz] =     169.219473 [cm-1]
 ( -0.381471   0.000000    -0.070658   0.000000    -0.220950   0.000000   )
 (  0.191115   0.000000     0.020248   0.000000     0.082162   0.000000   )
 ( -0.003745   0.000000     0.320754   0.000000    -0.067456   0.000000   )
 (  0.086547   0.000000    -0.082919   0.000000     0.086726   0.000000   )
 (  0.215434   0.000000    -0.198331   0.000000     0.172843   0.000000   )
 ( -0.002653   0.000000    -0.109010   0.000000     0.011693   0.000000   )
 ( -0.381471   0.000000     0.070658   0.000000    -0.220950   0.000000   )
 ( -0.002653   0.000000     0.109010   0.000000     0.011693   0.000000   )
 (  0.215434   0.000000     0.198331   0.000000     0.172843   0.000000   )
 (  0.086547   0.000000     0.082919   0.000000     0.086726   0.000000   )
 ( -0.003745   0.000000    -0.320754   0.000000    -0.067456   0.000000   )
 (  0.191115   0.000000    -0.020248   0.000000     0.082162   0.000000   )
     freq (   15) =       5.199101 [THz] =     173.423328 [cm-1]
 (  0.320418   0.000000    -0.078384   0.000000    -0.280299   0.000000   )
 ( -0.054774   0.000000    -0.009409   0.000000     0.028433   0.000000   )
 ( -0.160098   0.000000    -0.296609   0.000000    -0.312864   0.000000   )
 ( -0.061341   0.000000     0.145480   0.000000     0.013219   0.000000   )
 ( -0.102418   0.000000     0.236302   0.000000     0.024320   0.000000   )
 (  0.005855   0.000000     0.071748   0.000000     0.005308   0.000000   )
 ( -0.320418   0.000000    -0.078384   0.000000     0.280299   0.000000   )
 ( -0.005855   0.000000     0.071748   0.000000    -0.005308   0.000000   )
 (  0.102418   0.000000     0.236302   0.000000    -0.024320   0.000000   )
 (  0.061341   0.000000     0.145480   0.000000    -0.013219   0.000000   )
 (  0.160098   0.000000    -0.296609   0.000000     0.312864   0.000000   )
 (  0.054774   0.000000    -0.009409   0.000000    -0.028433   0.000000   )
     freq (   16) =       5.286034 [THz] =     176.323130 [cm-1]
 ( -0.027196   0.000000     0.316586   0.000000    -0.344908   0.000000   )
 ( -0.180534   0.000000     0.064957   0.000000    -0.068939   0.000000   )
 (  0.306745   0.000000    -0.081037   0.000000     0.025988   0.000000   )
 (  0.014105   0.000000    -0.109498   0.000000     0.097797   0.000000   )
 ( -0.193107   0.000000    -0.147693   0.000000    -0.201193   0.000000   )
 ( -0.003068   0.000000    -0.087584   0.000000     0.090317   0.000000   )
 (  0.027196   0.000000     0.316586   0.000000     0.344908   0.000000   )
 (  0.003068   0.000000    -0.087584   0.000000    -0.090317   0.000000   )
 (  0.193107   0.000000    -0.147693   0.000000     0.201193   0.000000   )
 ( -0.014105   0.000000    -0.109498   0.000000    -0.097797   0.000000   )
 ( -0.306745   0.000000    -0.081037   0.000000    -0.025988   0.000000   )
 (  0.180534   0.000000     0.064957   0.000000     0.068939   0.000000   )
     freq (   17) =       5.349553 [THz] =     178.441870 [cm-1]
 (  0.049300   0.000000    -0.335641   0.000000    -0.131094   0.000000   )
 (  0.086337   0.000000     0.061473   0.000000     0.059085   0.000000   )
 ( -0.367908   0.000000     0.028386   0.000000     0.242690   0.000000   )
 ( -0.013906   0.000000     0.002771   0.000000    -0.014840   0.000000   )
 (  0.175418   0.000000     0.254933   0.000000    -0.074435   0.000000   )
 (  0.161528   0.000000     0.144167   0.000000    -0.096666   0.000000   )
 (  0.049300   0.000000     0.335641   0.000000    -0.131094   0.000000   )
 (  0.161528   0.000000    -0.144167   0.000000    -0.096666   0.000000   )
 (  0.175418   0.000000    -0.254933   0.000000    -0.074435   0.000000   )
 ( -0.013906   0.000000    -0.002771   0.000000    -0.014840   0.000000   )
 ( -0.367908   0.000000    -0.028386   0.000000     0.242690   0.000000   )
 (  0.086337   0.000000    -0.061473   0.000000     0.059085   0.000000   )
     freq (   18) =       5.576604 [THz] =     186.015476 [cm-1]
 (  0.162894   0.000000     0.127328   0.000000     0.110804   0.000000   )
 ( -0.052516   0.000000     0.028389   0.000000    -0.044393   0.000000   )
 (  0.111085   0.000000    -0.164992   0.000000     0.294660   0.000000   )
 ( -0.112320   0.000000     0.134404   0.000000    -0.204122   0.000000   )
 ( -0.216694   0.000000     0.020832   0.000000     0.407092   0.000000   )
 ( -0.090709   0.000000    -0.135492   0.000000     0.031747   0.000000   )
 ( -0.162894   0.000000     0.127328   0.000000    -0.110804   0.000000   )
 (  0.090709   0.000000    -0.135492   0.000000    -0.031747   0.000000   )
 (  0.216694   0.000000     0.020832   0.000000    -0.407092   0.000000   )
 (  0.112320   0.000000     0.134404   0.000000     0.204122   0.000000   )
 ( -0.111085   0.000000    -0.164992   0.000000    -0.294660   0.000000   )
 (  0.052516   0.000000     0.028389   0.000000     0.044393   0.000000   )
     freq (   19) =       8.322890 [THz] =     277.621726 [cm-1]
 (  0.103928   0.000000    -0.056928   0.000000    -0.153780   0.000000   )
 ( -0.069165   0.000000     0.013882   0.000000     0.301872   0.000000   )
 (  0.069010   0.000000    -0.003557   0.000000    -0.105754   0.000000   )
 ( -0.248465   0.000000     0.059029   0.000000     0.349123   0.000000   )
 (  0.073241   0.000000    -0.049542   0.000000    -0.163915   0.000000   )
 ( -0.191040   0.000000     0.191937   0.000000     0.234773   0.000000   )
 (  0.103928   0.000000     0.056928   0.000000    -0.153780   0.000000   )
 ( -0.191040   0.000000    -0.191937   0.000000     0.234773   0.000000   )
 (  0.073241   0.000000     0.049542   0.000000    -0.163915   0.000000   )
 ( -0.248465   0.000000    -0.059029   0.000000     0.349123   0.000000   )
 (  0.069010   0.000000     0.003557   0.000000    -0.105754   0.000000   )
 ( -0.069165   0.000000    -0.013882   0.000000     0.301872   0.000000   )
     freq (   20) =       8.381192 [THz] =     279.566476 [cm-1]
 ( -0.059702   0.000000     0.015401   0.000000    -0.028973   0.000000   )
 (  0.121747   0.000000     0.002734   0.000000    -0.007051   0.000000   )
 ( -0.017417   0.000000    -0.015694   0.000000    -0.016594   0.000000   )
 (  0.059060   0.000000     0.290059   0.000000     0.590773   0.000000   )
 (  0.011998   0.000000    -0.061777   0.000000     0.121601   0.000000   )
 ( -0.015018   0.000000    -0.152221   0.000000    -0.029600   0.000000   )
 (  0.059702   0.000000     0.015401   0.000000     0.028973   0.000000   )
 (  0.015018   0.000000    -0.152221   0.000000     0.029600   0.000000   )
 ( -0.011998   0.000000    -0.061777   0.000000    -0.121601   0.000000   )
 ( -0.059060   0.000000     0.290059   0.000000    -0.590773   0.000000   )
 (  0.017417   0.000000    -0.015694   0.000000     0.016594   0.000000   )
 ( -0.121747   0.000000     0.002734   0.000000     0.007051   0.000000   )
     freq (   21) =       8.487956 [THz] =     283.127733 [cm-1]
 (  0.112813   0.000000     0.100900   0.000000     0.052414   0.000000   )
 ( -0.003934   0.000000    -0.228535   0.000000     0.117969   0.000000   )
 (  0.057930   0.000000     0.129124   0.000000    -0.075427   0.000000   )
 ( -0.511609   0.000000    -0.239482   0.000000     0.164492   0.000000   )
 (  0.035218   0.000000     0.062102   0.000000     0.020446   0.000000   )
 ( -0.019416   0.000000    -0.128601   0.000000    -0.117830   0.000000   )
 ( -0.112813   0.000000     0.100900   0.000000    -0.052414   0.000000   )
 (  0.019416   0.000000    -0.128601   0.000000     0.117830   0.000000   )
 ( -0.035218   0.000000     0.062102   0.000000    -0.020446   0.000000   )
 (  0.511609   0.000000    -0.239482   0.000000    -0.164492   0.000000   )
 ( -0.057930   0.000000     0.129124   0.000000     0.075427   0.000000   )
 (  0.003934   0.000000    -0.228535   0.000000    -0.117969   0.000000   )
     freq (   22) =       8.496478 [THz] =     283.411998 [cm-1]
 ( -0.065397   0.000000    -0.013077   0.000000    -0.066318   0.000000   )
 (  0.045547   0.000000     0.145455   0.000000     0.179234   0.000000   )
 ( -0.093857   0.000000    -0.152012   0.000000    -0.072032   0.000000   )
 (  0.316621   0.000000     0.456653   0.000000    -0.128117   0.000000   )
 ( -0.052249   0.000000    -0.046783   0.000000    -0.009317   0.000000   )
 (  0.071839   0.000000    -0.061050   0.000000     0.244140   0.000000   )
 ( -0.065397   0.000000     0.013077   0.000000    -0.066318   0.000000   )
 (  0.071839   0.000000     0.061050   0.000000     0.244140   0.000000   )
 ( -0.052249   0.000000     0.046783   0.000000    -0.009317   0.000000   )
 (  0.316621   0.000000    -0.456653   0.000000    -0.128117   0.000000   )
 ( -0.093857   0.000000     0.152012   0.000000    -0.072032   0.000000   )
 (  0.045547   0.000000    -0.145455   0.000000     0.179234   0.000000   )
     freq (   23) =       8.858975 [THz] =     295.503585 [cm-1]
 ( -0.013287   0.000000     0.057178   0.000000     0.035121   0.000000   )
 ( -0.032916   0.000000    -0.036200   0.000000    -0.038567   0.000000   )
 ( -0.123451   0.000000     0.057126   0.000000    -0.173753   0.000000   )
 ( -0.038377   0.000000    -0.234373   0.000000     0.139884   0.000000   )
 ( -0.059725   0.000000     0.061781   0.000000    -0.067368   0.000000   )
 (  0.477607   0.000000    -0.142777   0.000000     0.326127   0.000000   )
 ( -0.013287   0.000000    -0.057178   0.000000     0.035121   0.000000   )
 (  0.477607   0.000000     0.142777   0.000000     0.326127   0.000000   )
 ( -0.059725   0.000000    -0.061781   0.000000    -0.067368   0.000000   )
 ( -0.038377   0.000000     0.234373   0.000000     0.139884   0.000000   )
 ( -0.123451   0.000000    -0.057126   0.000000    -0.173753   0.000000   )
 ( -0.032916   0.000000     0.036200   0.000000    -0.038567   0.000000   )
     freq (   24) =       8.881379 [THz] =     296.250929 [cm-1]
 ( -0.060749   0.000000     0.151337   0.000000    -0.033429   0.000000   )
 (  0.040266   0.000000    -0.398104   0.000000    -0.039888   0.000000   )
 ( -0.123873   0.000000     0.061492   0.000000     0.004480   0.000000   )
 (  0.331974   0.000000    -0.128174   0.000000    -0.039938   0.000000   )
 ( -0.086565   0.000000     0.136328   0.000000     0.047919   0.000000   )
 (  0.291903   0.000000    -0.204457   0.000000    -0.088479   0.000000   )
 (  0.060749   0.000000     0.151337   0.000000     0.033429   0.000000   )
 ( -0.291903   0.000000    -0.204457   0.000000     0.088479   0.000000   )
 (  0.086565   0.000000     0.136328   0.000000    -0.047919   0.000000   )
 ( -0.331974   0.000000    -0.128174   0.000000     0.039938   0.000000   )
 (  0.123873   0.000000     0.061492   0.000000    -0.004480   0.000000   )
 ( -0.040266   0.000000    -0.398104   0.000000     0.039888   0.000000   )
     freq (   25) =       9.037237 [THz] =     301.449772 [cm-1]
 ( -0.061294   0.000000    -0.074763   0.000000     0.133879   0.000000   )
 (  0.093265   0.000000     0.070216   0.000000    -0.456099   0.000000   )
 ( -0.024697   0.000000     0.012204   0.000000     0.027608   0.000000   )
 (  0.054665   0.000000     0.242006   0.000000     0.405479   0.000000   )
 (  0.007441   0.000000    -0.090964   0.000000    -0.108114   0.000000   )
 (  0.005675   0.000000     0.054157   0.000000    -0.024528   0.000000   )
 ( -0.061294   0.000000     0.074763   0.000000     0.133879   0.000000   )
 (  0.005675   0.000000    -0.054157   0.000000    -0.024528   0.000000   )
 (  0.007441   0.000000     0.090964   0.000000    -0.108114   0.000000   )
 (  0.054665   0.000000    -0.242006   0.000000     0.405479   0.000000   )
 ( -0.024697   0.000000    -0.012204   0.000000     0.027608   0.000000   )
 (  0.093265   0.000000    -0.070216   0.000000    -0.456099   0.000000   )
     freq (   26) =       9.257288 [THz] =     308.789906 [cm-1]
 ( -0.033677   0.000000     0.032612   0.000000    -0.089360   0.000000   )
 ( -0.180905   0.000000    -0.255382   0.000000     0.040819   0.000000   )
 ( -0.000338   0.000000     0.009863   0.000000     0.037541   0.000000   )
 (  0.506056   0.000000    -0.179874   0.000000     0.196950   0.000000   )
 ( -0.086281   0.000000     0.043445   0.000000    -0.039994   0.000000   )
 ( -0.062215   0.000000     0.211376   0.000000    -0.044490   0.000000   )
 ( -0.033677   0.000000    -0.032612   0.000000    -0.089360   0.000000   )
 ( -0.062215   0.000000    -0.211376   0.000000    -0.044490   0.000000   )
 ( -0.086281   0.000000    -0.043445   0.000000    -0.039994   0.000000   )
 (  0.506056   0.000000     0.179874   0.000000     0.196950   0.000000   )
 ( -0.000338   0.000000    -0.009863   0.000000     0.037541   0.000000   )
 ( -0.180905   0.000000     0.255382   0.000000     0.040819   0.000000   )
     freq (   27) =       9.300162 [THz] =     310.220018 [cm-1]
 (  0.054488   0.000000     0.014521   0.000000    -0.060503   0.000000   )
 ( -0.004897   0.000000    -0.445818   0.000000     0.077843   0.000000   )
 (  0.040772   0.000000     0.038824   0.000000     0.070068   0.000000   )
 (  0.107301   0.000000     0.199008   0.000000    -0.041661   0.000000   )
 (  0.045652   0.000000    -0.026114   0.000000    -0.042315   0.000000   )
 ( -0.425472   0.000000     0.200263   0.000000    -0.041245   0.000000   )
 ( -0.054488   0.000000     0.014521   0.000000     0.060503   0.000000   )
 (  0.425472   0.000000     0.200263   0.000000     0.041245   0.000000   )
 ( -0.045652   0.000000    -0.026114   0.000000     0.042315   0.000000   )
 ( -0.107301   0.000000     0.199008   0.000000     0.041661   0.000000   )
 ( -0.040772   0.000000     0.038824   0.000000    -0.070068   0.000000   )
 (  0.004897   0.000000    -0.445818   0.000000    -0.077843   0.000000   )
     freq (   28) =       9.392010 [THz] =     313.283718 [cm-1]
 ( -0.061119   0.000000     0.040660   0.000000    -0.018638   0.000000   )
 ( -0.121539   0.000000     0.359865   0.000000     0.240007   0.000000   )
 (  0.054294   0.000000    -0.080085   0.000000     0.047491   0.000000   )
 (  0.028272   0.000000    -0.055855   0.000000     0.230957   0.000000   )
 ( -0.039541   0.000000    -0.017512   0.000000    -0.064419   0.000000   )
 (  0.196433   0.000000    -0.181140   0.000000    -0.382220   0.000000   )
 ( -0.061119   0.000000    -0.040660   0.000000    -0.018638   0.000000   )
 (  0.196433   0.000000     0.181140   0.000000    -0.382220   0.000000   )
 ( -0.039541   0.000000     0.017512   0.000000    -0.064419   0.000000   )
 (  0.028272   0.000000     0.055855   0.000000     0.230957   0.000000   )
 (  0.054294   0.000000     0.080085   0.000000     0.047491   0.000000   )
 ( -0.121539   0.000000    -0.359865   0.000000     0.240007   0.000000   )
     freq (   29) =       9.565559 [THz] =     319.072704 [cm-1]
 ( -0.030957   0.000000     0.079955   0.000000     0.115168   0.000000   )
 ( -0.085104   0.000000     0.079418   0.000000     0.475484   0.000000   )
 (  0.036726   0.000000    -0.081693   0.000000    -0.101626   0.000000   )
 (  0.075666   0.000000     0.171567   0.000000    -0.107874   0.000000   )
 ( -0.043683   0.000000    -0.073891   0.000000    -0.048646   0.000000   )
 (  0.049960   0.000000    -0.080109   0.000000    -0.394910   0.000000   )
 (  0.030957   0.000000     0.079955   0.000000    -0.115168   0.000000   )
 ( -0.049960   0.000000    -0.080109   0.000000     0.394910   0.000000   )
 (  0.043683   0.000000    -0.073891   0.000000     0.048646   0.000000   )
 ( -0.075666   0.000000     0.171567   0.000000     0.107874   0.000000   )
 ( -0.036726   0.000000    -0.081693   0.000000     0.101626   0.000000   )
 (  0.085104   0.000000     0.079418   0.000000    -0.475484   0.000000   )
     freq (   30) =       9.735639 [THz] =     324.745970 [cm-1]
 (  0.014420   0.000000     0.136095   0.000000    -0.035037   0.000000   )
 (  0.162919   0.000000    -0.464324   0.000000     0.146242   0.000000   )
 ( -0.053967   0.000000     0.053015   0.000000     0.083463   0.000000   )
 ( -0.100153   0.000000     0.254433   0.000000     0.112032   0.000000   )
 ( -0.019010   0.000000     0.019226   0.000000    -0.082684   0.000000   )
 (  0.058685   0.000000    -0.278614   0.000000    -0.166951   0.000000   )
 (  0.014420   0.000000    -0.136095   0.000000    -0.035037   0.000000   )
 (  0.058685   0.000000     0.278614   0.000000    -0.166951   0.000000   )
 ( -0.019010   0.000000    -0.019226   0.000000    -0.082684   0.000000   )
 ( -0.100153   0.000000    -0.254433   0.000000     0.112032   0.000000   )
 ( -0.053967   0.000000    -0.053015   0.000000     0.083463   0.000000   )
 (  0.162919   0.000000     0.464324   0.000000     0.146242   0.000000   )
     freq (   31) =       9.903265 [THz] =     330.337377 [cm-1]
 ( -0.004238   0.000000    -0.035792   0.000000     0.013915   0.000000   )
 ( -0.244119   0.000000     0.063907   0.000000     0.190198   0.000000   )
 (  0.063605   0.000000    -0.011138   0.000000    -0.013002   0.000000   )
 (  0.236497   0.000000    -0.393402   0.000000     0.240675   0.000000   )
 ( -0.010286   0.000000     0.053493   0.000000     0.158364   0.000000   )
 ( -0.081165   0.000000     0.301374   0.000000    -0.015308   0.000000   )
 (  0.004238   0.000000    -0.035792   0.000000    -0.013915   0.000000   )
 (  0.081165   0.000000     0.301374   0.000000     0.015308   0.000000   )
 (  0.010286   0.000000     0.053493   0.000000    -0.158364   0.000000   )
 ( -0.236497   0.000000    -0.393402   0.000000    -0.240675   0.000000   )
 ( -0.063605   0.000000    -0.011138   0.000000     0.013002   0.000000   )
 (  0.244119   0.000000     0.063907   0.000000    -0.190198   0.000000   )
     freq (   32) =      10.278706 [THz] =     342.860715 [cm-1]
 ( -0.025843   0.000000    -0.019525   0.000000    -0.049636   0.000000   )
 (  0.000029   0.000000     0.070761   0.000000    -0.419696   0.000000   )
 (  0.052818   0.000000     0.019000   0.000000    -0.077522   0.000000   )
 (  0.023087   0.000000    -0.060077   0.000000    -0.046765   0.000000   )
 (  0.018282   0.000000    -0.017110   0.000000     0.069730   0.000000   )
 ( -0.118263   0.000000     0.029171   0.000000    -0.528696   0.000000   )
 (  0.025843   0.000000    -0.019525   0.000000     0.049636   0.000000   )
 (  0.118263   0.000000     0.029171   0.000000     0.528696   0.000000   )
 ( -0.018282   0.000000    -0.017110   0.000000    -0.069730   0.000000   )
 ( -0.023087   0.000000    -0.060077   0.000000     0.046765   0.000000   )
 ( -0.052818   0.000000     0.019000   0.000000     0.077522   0.000000   )
 ( -0.000029   0.000000     0.070761   0.000000     0.419696   0.000000   )
     freq (   33) =      10.961699 [THz] =     365.642936 [cm-1]
 (  0.026447   0.000000     0.038402   0.000000    -0.017885   0.000000   )
 ( -0.394953   0.000000    -0.146411   0.000000    -0.024601   0.000000   )
 ( -0.041732   0.000000    -0.006031   0.000000     0.002072   0.000000   )
 ( -0.127851   0.000000     0.197006   0.000000    -0.061254   0.000000   )
 (  0.099802   0.000000    -0.172993   0.000000     0.107535   0.000000   )
 (  0.327021   0.000000     0.290550   0.000000    -0.126382   0.000000   )
 (  0.026447   0.000000    -0.038402   0.000000    -0.017885   0.000000   )
 (  0.327021   0.000000    -0.290550   0.000000    -0.126382   0.000000   )
 (  0.099802   0.000000     0.172993   0.000000     0.107535   0.000000   )
 ( -0.127851   0.000000    -0.197006   0.000000    -0.061254   0.000000   )
 ( -0.041732   0.000000     0.006031   0.000000     0.002072   0.000000   )
 ( -0.394953   0.000000     0.146411   0.000000    -0.024601   0.000000   )
     freq (   34) =      11.013117 [THz] =     367.358039 [cm-1]
 (  0.019455   0.000000     0.039049   0.000000    -0.006202   0.000000   )
 ( -0.444383   0.000000    -0.155831   0.000000    -0.115517   0.000000   )
 ( -0.050363   0.000000    -0.003855   0.000000     0.002982   0.000000   )
 ( -0.120621   0.000000     0.197247   0.000000     0.000644   0.000000   )
 (  0.121565   0.000000    -0.144848   0.000000     0.061455   0.000000   )
 (  0.346905   0.000000     0.216927   0.000000     0.001254   0.000000   )
 ( -0.019455   0.000000     0.039049   0.000000     0.006202   0.000000   )
 ( -0.346905   0.000000     0.216927   0.000000    -0.001254   0.000000   )
 ( -0.121565   0.000000    -0.144848   0.000000    -0.061455   0.000000   )
 (  0.120621   0.000000     0.197247   0.000000    -0.000644   0.000000   )
 (  0.050363   0.000000    -0.003855   0.000000    -0.002982   0.000000   )
 (  0.444383   0.000000    -0.155831   0.000000     0.115517   0.000000   )
     freq (   35) =      11.714648 [THz] =     390.758608 [cm-1]
 (  0.006123   0.000000    -0.026733   0.000000    -0.000689   0.000000   )
 (  0.448109   0.000000     0.004270   0.000000     0.132316   0.000000   )
 ( -0.010081   0.000000     0.017001   0.000000     0.003791   0.000000   )
 ( -0.070603   0.000000    -0.060429   0.000000    -0.034867   0.000000   )
 ( -0.242491   0.000000    -0.130711   0.000000     0.003467   0.000000   )
 (  0.179716   0.000000     0.387353   0.000000    -0.111459   0.000000   )
 (  0.006123   0.000000     0.026733   0.000000    -0.000689   0.000000   )
 (  0.179716   0.000000    -0.387353   0.000000    -0.111459   0.000000   )
 ( -0.242491   0.000000     0.130711   0.000000     0.003467   0.000000   )
 ( -0.070603   0.000000     0.060429   0.000000    -0.034867   0.000000   )
 ( -0.010081   0.000000    -0.017001   0.000000     0.003791   0.000000   )
 (  0.448109   0.000000    -0.004270   0.000000     0.132316   0.000000   )
     freq (   36) =      11.829890 [THz] =     394.602658 [cm-1]
 ( -0.020940   0.000000     0.020468   0.000000     0.010636   0.000000   )
 ( -0.399866   0.000000     0.081967   0.000000    -0.035940   0.000000   )
 (  0.017712   0.000000    -0.024618   0.000000    -0.004593   0.000000   )
 (  0.104052   0.000000     0.026921   0.000000    -0.030278   0.000000   )
 (  0.225494   0.000000     0.146421   0.000000    -0.011980   0.000000   )
 ( -0.229298   0.000000    -0.432346   0.000000     0.076069   0.000000   )
 (  0.020940   0.000000     0.020468   0.000000    -0.010636   0.000000   )
 (  0.229298   0.000000    -0.432346   0.000000    -0.076069   0.000000   )
 ( -0.225494   0.000000     0.146421   0.000000     0.011980   0.000000   )
 ( -0.104052   0.000000     0.026921   0.000000     0.030278   0.000000   )
 ( -0.017712   0.000000    -0.024618   0.000000     0.004593   0.000000   )
 (  0.399866   0.000000     0.081967   0.000000     0.035940   0.000000   )
 **************************************************************************
