     diagonalizing the dynamical matrix ...

 q =       0.0000      0.0000      0.0000
 **************************************************************************
     freq (    1) =      -0.002895 [THz] =      -0.096570 [cm-1]
 ( -0.000177   0.000000    -0.288649   0.000000     0.000125   0.000000   )
 ( -0.000188   0.000000    -0.288660   0.000000    -0.000052   0.000000   )
 ( -0.000293   0.000000    -0.288753   0.000000     0.000200   0.000000   )
 ( -0.000127   0.000000    -0.288763   0.000000     0.000181   0.000000   )
 ( -0.000115   0.000000    -0.288623   0.000000    -0.000336   0.000000   )
 ( -0.000126   0.000000    -0.288602   0.000000    -0.000116   0.000000   )
 (  0.000177   0.000000    -0.288649   0.000000    -0.000125   0.000000   )
 (  0.000126   0.000000    -0.288602   0.000000     0.000116   0.000000   )
 (  0.000115   0.000000    -0.288623   0.000000     0.000336   0.000000   )
 (  0.000127   0.000000    -0.288763   0.000000    -0.000181   0.000000   )
 (  0.000293   0.000000    -0.288753   0.000000    -0.000200   0.000000   )
 (  0.000188   0.000000    -0.288660   0.000000     0.000052   0.000000   )
     freq (    2) =      -0.002791 [THz] =      -0.093087 [cm-1]
 (  0.186468   0.000000    -0.000268   0.000000    -0.220338   0.000000   )
 (  0.186607   0.000000    -0.000193   0.000000    -0.220308   0.000000   )
 (  0.186612   0.000000    -0.000289   0.000000    -0.220359   0.000000   )
 (  0.186472   0.000000    -0.000066   0.000000    -0.220198   0.000000   )
 (  0.186622   0.000000     0.000153   0.000000    -0.220162   0.000000   )
 (  0.186622   0.000000    -0.000061   0.000000    -0.220353   0.000000   )
 (  0.186468   0.000000     0.000268   0.000000    -0.220338   0.000000   )
 (  0.186622   0.000000     0.000061   0.000000    -0.220353   0.000000   )
 (  0.186622   0.000000    -0.000153   0.000000    -0.220162   0.000000   )
 (  0.186472   0.000000     0.000066   0.000000    -0.220198   0.000000   )
 (  0.186612   0.000000     0.000289   0.000000    -0.220359   0.000000   )
 (  0.186607   0.000000     0.000193   0.000000    -0.220308   0.000000   )
     freq (    3) =      -0.001825 [THz] =      -0.060872 [cm-1]
 ( -0.220415   0.000000     0.000157   0.000000    -0.186424   0.000000   )
 ( -0.220281   0.000000     0.000058   0.000000    -0.186486   0.000000   )
 ( -0.220284   0.000000     0.000086   0.000000    -0.186558   0.000000   )
 ( -0.220299   0.000000     0.000061   0.000000    -0.186650   0.000000   )
 ( -0.220160   0.000000     0.000194   0.000000    -0.186719   0.000000   )
 ( -0.220278   0.000000     0.000200   0.000000    -0.186565   0.000000   )
 ( -0.220415   0.000000    -0.000157   0.000000    -0.186424   0.000000   )
 ( -0.220278   0.000000    -0.000200   0.000000    -0.186565   0.000000   )
 ( -0.220160   0.000000    -0.000194   0.000000    -0.186719   0.000000   )
 ( -0.220299   0.000000    -0.000061   0.000000    -0.186650   0.000000   )
 ( -0.220284   0.000000    -0.000086   0.000000    -0.186558   0.000000   )
 ( -0.220281   0.000000    -0.000058   0.000000    -0.186486   0.000000   )
     freq (    4) =       2.057833 [THz] =      68.641930 [cm-1]
 (  0.000082  -0.000000    -0.314079   0.000000     0.000515  -0.000000   )
 ( -0.000352   0.000000    -0.261018   0.000000     0.000497  -0.000000   )
 ( -0.000642   0.000000    -0.312991   0.000000    -0.000359   0.000000   )
 (  0.000250  -0.000000    -0.261151   0.000000    -0.000138   0.000000   )
 (  0.000009  -0.000000    -0.314300   0.000000    -0.000151   0.000000   )
 ( -0.000497   0.000000    -0.261294   0.000000    -0.000278   0.000000   )
 (  0.000082  -0.000000     0.314079  -0.000000     0.000515  -0.000000   )
 ( -0.000497   0.000000     0.261294  -0.000000    -0.000278   0.000000   )
 (  0.000009  -0.000000     0.314300  -0.000000    -0.000151   0.000000   )
 (  0.000250  -0.000000     0.261151  -0.000000    -0.000138   0.000000   )
 ( -0.000642   0.000000     0.312991  -0.000000    -0.000359   0.000000   )
 ( -0.000352   0.000000     0.261018  -0.000000     0.000497  -0.000000   )
     freq (    5) =       2.075554 [THz] =      69.233028 [cm-1]
 (  0.314246   0.000000    -0.000034   0.000000     0.000361   0.000000   )
 (  0.261052   0.000000    -0.000010   0.000000    -0.000375   0.000000   )
 (  0.313322   0.000000    -0.000145   0.000000     0.000098   0.000000   )
 (  0.261703   0.000000    -0.000364   0.000000     0.000485   0.000000   )
 (  0.313374   0.000000    -0.000373   0.000000    -0.000762   0.000000   )
 (  0.261223   0.000000    -0.000193   0.000000    -0.000078   0.000000   )
 ( -0.314246   0.000000    -0.000034   0.000000    -0.000361   0.000000   )
 ( -0.261223   0.000000    -0.000193   0.000000     0.000078   0.000000   )
 ( -0.313374   0.000000    -0.000373   0.000000     0.000762   0.000000   )
 ( -0.261703   0.000000    -0.000364   0.000000    -0.000485   0.000000   )
 ( -0.313322   0.000000    -0.000145   0.000000    -0.000098   0.000000   )
 ( -0.261052   0.000000    -0.000010   0.000000     0.000375   0.000000   )
     freq (    6) =       2.628210 [THz] =      87.667643 [cm-1]
 (  0.134778   0.000000    -0.000039   0.000000     0.192146   0.000000   )
 (  0.097366   0.000000     0.000310   0.000000     0.139182   0.000000   )
 ( -0.269901   0.000000     0.001442   0.000000    -0.381603   0.000000   )
 (  0.098309   0.000000     0.000313   0.000000     0.137440   0.000000   )
 (  0.135036   0.000000    -0.000189   0.000000     0.189571   0.000000   )
 ( -0.195663   0.000000     0.000304   0.000000    -0.276736   0.000000   )
 (  0.134778   0.000000     0.000039   0.000000     0.192146   0.000000   )
 ( -0.195663   0.000000    -0.000304   0.000000    -0.276736   0.000000   )
 (  0.135036   0.000000     0.000189   0.000000     0.189571   0.000000   )
 (  0.098309   0.000000    -0.000313   0.000000     0.137440   0.000000   )
 ( -0.269901   0.000000    -0.001442   0.000000    -0.381603   0.000000   )
 (  0.097366   0.000000    -0.000310   0.000000     0.139182   0.000000   )
     freq (    7) =       2.643252 [THz] =      88.169391 [cm-1]
 (  0.233191   0.000000     0.000779   0.000000     0.329552   0.000000   )
 ( -0.169626   0.000000     0.000816   0.000000    -0.239080   0.000000   )
 ( -0.002374   0.000000    -0.000656   0.000000     0.002370   0.000000   )
 (  0.168632   0.000000    -0.001077   0.000000     0.240789   0.000000   )
 ( -0.232592   0.000000     0.000269   0.000000    -0.332495   0.000000   )
 ( -0.000375   0.000000     0.000679   0.000000    -0.001566   0.000000   )
 ( -0.233191   0.000000     0.000779   0.000000    -0.329552   0.000000   )
 (  0.000375   0.000000     0.000679   0.000000     0.001566   0.000000   )
 (  0.232592   0.000000     0.000269   0.000000     0.332495   0.000000   )
 ( -0.168632   0.000000    -0.001077   0.000000    -0.240789   0.000000   )
 (  0.002374   0.000000    -0.000656   0.000000    -0.002370   0.000000   )
 (  0.169626   0.000000     0.000816   0.000000     0.239080   0.000000   )
     freq (    8) =       2.884655 [THz] =      96.221747 [cm-1]
 ( -0.205041   0.000000    -0.023988   0.000000     0.360601   0.000000   )
 ( -0.049836   0.000000    -0.068548   0.000000     0.242989   0.000000   )
 (  0.000904   0.000000     0.048724   0.000000     0.001320   0.000000   )
 (  0.049417   0.000000    -0.068513   0.000000    -0.243675   0.000000   )
 (  0.204563   0.000000    -0.023851   0.000000    -0.361741   0.000000   )
 (  0.000790   0.000000     0.137693   0.000000     0.000858   0.000000   )
 ( -0.205041   0.000000     0.023988   0.000000     0.360601   0.000000   )
 (  0.000790   0.000000    -0.137693   0.000000     0.000858   0.000000   )
 (  0.204563   0.000000     0.023851   0.000000    -0.361741   0.000000   )
 (  0.049417   0.000000     0.068513   0.000000    -0.243675   0.000000   )
 (  0.000904   0.000000    -0.048724   0.000000     0.001320   0.000000   )
 ( -0.049836   0.000000     0.068548   0.000000     0.242989   0.000000   )
     freq (    9) =       2.892452 [THz] =      96.481800 [cm-1]
 ( -0.117716   0.000000     0.037499   0.000000     0.210019   0.000000   )
 (  0.026293   0.000000    -0.120890   0.000000    -0.141530   0.000000   )
 (  0.239970   0.000000     0.000710   0.000000    -0.415567   0.000000   )
 (  0.029018   0.000000     0.120900   0.000000    -0.138690   0.000000   )
 ( -0.121691   0.000000    -0.038592   0.000000     0.206444   0.000000   )
 ( -0.054675   0.000000    -0.000604   0.000000     0.280018   0.000000   )
 (  0.117716   0.000000     0.037499   0.000000    -0.210019   0.000000   )
 (  0.054675   0.000000    -0.000604   0.000000    -0.280018   0.000000   )
 (  0.121691   0.000000    -0.038592   0.000000    -0.206444   0.000000   )
 ( -0.029018   0.000000     0.120900   0.000000     0.138690   0.000000   )
 ( -0.239970   0.000000     0.000710   0.000000     0.415567   0.000000   )
 ( -0.026293   0.000000    -0.120890   0.000000     0.141530   0.000000   )
     freq (   10) =       3.552983 [THz] =     118.514767 [cm-1]
 (  0.133874   0.000000     0.347157   0.000000     0.050288   0.000000   )
 (  0.103980   0.000000     0.167198   0.000000    -0.050720   0.000000   )
 ( -0.271722   0.000000    -0.002561   0.000000    -0.099669   0.000000   )
 (  0.101876   0.000000    -0.168522   0.000000    -0.050084   0.000000   )
 (  0.137144   0.000000    -0.344586   0.000000     0.049339   0.000000   )
 ( -0.206138   0.000000     0.001285   0.000000     0.100769   0.000000   )
 ( -0.133874   0.000000     0.347157   0.000000    -0.050288   0.000000   )
 (  0.206138   0.000000     0.001285   0.000000    -0.100769   0.000000   )
 ( -0.137144   0.000000    -0.344586   0.000000    -0.049339   0.000000   )
 ( -0.101876   0.000000    -0.168522   0.000000     0.050084   0.000000   )
 (  0.271722   0.000000    -0.002561   0.000000     0.099669   0.000000   )
 ( -0.103980   0.000000     0.167198   0.000000     0.050720   0.000000   )
     freq (   11) =       3.558821 [THz] =     118.709478 [cm-1]
 (  0.237086   0.000000    -0.199246   0.000000     0.081588   0.000000   )
 ( -0.177954   0.000000     0.098095   0.000000     0.083981   0.000000   )
 (  0.000899   0.000000     0.399595   0.000000     0.000574   0.000000   )
 (  0.177480   0.000000     0.098441   0.000000    -0.084949   0.000000   )
 ( -0.237871   0.000000    -0.198855   0.000000    -0.082476   0.000000   )
 (  0.000571   0.000000    -0.195140   0.000000     0.000345   0.000000   )
 (  0.237086   0.000000     0.199246   0.000000     0.081588   0.000000   )
 (  0.000571   0.000000     0.195140   0.000000     0.000345   0.000000   )
 ( -0.237871   0.000000     0.198855   0.000000    -0.082476   0.000000   )
 (  0.177480   0.000000    -0.098441   0.000000    -0.084949   0.000000   )
 (  0.000899   0.000000    -0.399595   0.000000     0.000574   0.000000   )
 ( -0.177954   0.000000    -0.098095   0.000000     0.083981   0.000000   )
     freq (   12) =       3.655965 [THz] =     121.949867 [cm-1]
 ( -0.216180   0.000000     0.200176   0.000000     0.150874   0.000000   )
 (  0.133803   0.000000    -0.104014   0.000000    -0.094027   0.000000   )
 (  0.002320   0.000000    -0.404019   0.000000    -0.000250   0.000000   )
 ( -0.134912   0.000000    -0.101273   0.000000     0.094032   0.000000   )
 (  0.213963   0.000000     0.204411   0.000000    -0.150576   0.000000   )
 (  0.001233   0.000000     0.205169   0.000000    -0.000052   0.000000   )
 (  0.216180   0.000000     0.200176   0.000000    -0.150874   0.000000   )
 ( -0.001233   0.000000     0.205169   0.000000     0.000052   0.000000   )
 ( -0.213963   0.000000     0.204411   0.000000     0.150576   0.000000   )
 (  0.134912   0.000000    -0.101273   0.000000    -0.094032   0.000000   )
 ( -0.002320   0.000000    -0.404019   0.000000     0.000250   0.000000   )
 ( -0.133803   0.000000    -0.104014   0.000000     0.094027   0.000000   )
     freq (   13) =       3.663913 [THz] =     122.214972 [cm-1]
 (  0.124124   0.000000     0.350324   0.000000    -0.087489   0.000000   )
 (  0.077144   0.000000     0.177728   0.000000    -0.054764   0.000000   )
 ( -0.247392   0.000000     0.000306   0.000000     0.174903   0.000000   )
 (  0.077556   0.000000    -0.177404   0.000000    -0.054904   0.000000   )
 (  0.123516   0.000000    -0.350225   0.000000    -0.087788   0.000000   )
 ( -0.154331   0.000000     0.000043   0.000000     0.109267   0.000000   )
 (  0.124124   0.000000    -0.350324   0.000000    -0.087489   0.000000   )
 ( -0.154331   0.000000    -0.000043   0.000000     0.109267   0.000000   )
 (  0.123516   0.000000     0.350225   0.000000    -0.087788   0.000000   )
 (  0.077556   0.000000     0.177404   0.000000    -0.054904   0.000000   )
 ( -0.247392   0.000000    -0.000306   0.000000     0.174903   0.000000   )
 (  0.077144   0.000000    -0.177728   0.000000    -0.054764   0.000000   )
     freq (   14) =       5.775131 [THz] =     192.637624 [cm-1]
 ( -0.199153   0.000000     0.272127   0.000000    -0.122216   0.000000   )
 ( -0.042283   0.000000     0.089150   0.000000    -0.020305   0.000000   )
 (  0.388613   0.000000     0.005427   0.000000     0.248069   0.000000   )
 ( -0.040990   0.000000    -0.090879   0.000000    -0.021633   0.000000   )
 ( -0.189297   0.000000    -0.277486   0.000000    -0.129022   0.000000   )
 (  0.082991   0.000000     0.001698   0.000000     0.042857   0.000000   )
 (  0.199153   0.000000     0.272127   0.000000     0.122216   0.000000   )
 ( -0.082991   0.000000     0.001698   0.000000    -0.042857   0.000000   )
 (  0.189297   0.000000    -0.277486   0.000000     0.129022   0.000000   )
 (  0.040990   0.000000    -0.090879   0.000000     0.021633   0.000000   )
 ( -0.388613   0.000000     0.005427   0.000000    -0.248069   0.000000   )
 (  0.042283   0.000000     0.089150   0.000000     0.020305   0.000000   )
     freq (   15) =       5.775612 [THz] =     192.653694 [cm-1]
 (  0.334621   0.000000     0.161689   0.000000     0.217123   0.000000   )
 ( -0.071563   0.000000    -0.053409   0.000000    -0.037058   0.000000   )
 (  0.004168   0.000000    -0.317245   0.000000    -0.003137   0.000000   )
 (  0.072230   0.000000    -0.051039   0.000000     0.036768   0.000000   )
 ( -0.338884   0.000000     0.155160   0.000000    -0.214168   0.000000   )
 ( -0.000349   0.000000     0.103752   0.000000     0.000615   0.000000   )
 (  0.334621   0.000000    -0.161689   0.000000     0.217123   0.000000   )
 ( -0.000349   0.000000    -0.103752   0.000000     0.000615   0.000000   )
 ( -0.338884   0.000000    -0.155160   0.000000    -0.214168   0.000000   )
 (  0.072230   0.000000     0.051039   0.000000     0.036768   0.000000   )
 (  0.004168   0.000000     0.317245   0.000000    -0.003137   0.000000   )
 ( -0.071563   0.000000     0.053409   0.000000    -0.037058   0.000000   )
     freq (   16) =       5.832580 [THz] =     194.553911 [cm-1]
 ( -0.311337   0.000000    -0.176899   0.000000     0.221980   0.000000   )
 ( -0.046471   0.000000    -0.056177   0.000000     0.034749   0.000000   )
 ( -0.006096   0.000000     0.345327   0.000000    -0.005889   0.000000   )
 (  0.047881   0.000000    -0.053292   0.000000    -0.032929   0.000000   )
 (  0.317426   0.000000    -0.168368   0.000000    -0.221903   0.000000   )
 ( -0.001362   0.000000     0.109947   0.000000    -0.000071   0.000000   )
 (  0.311337   0.000000    -0.176899   0.000000    -0.221980   0.000000   )
 (  0.001362   0.000000     0.109947   0.000000     0.000071   0.000000   )
 ( -0.317426   0.000000    -0.168368   0.000000     0.221903   0.000000   )
 ( -0.047881   0.000000    -0.053292   0.000000     0.032929   0.000000   )
 (  0.006096   0.000000     0.345327   0.000000     0.005889   0.000000   )
 (  0.046471   0.000000    -0.056177   0.000000    -0.034749   0.000000   )
     freq (   17) =       5.834468 [THz] =     194.616900 [cm-1]
 ( -0.185399   0.000000     0.297117   0.000000     0.125843   0.000000   )
 (  0.028137   0.000000    -0.094840   0.000000    -0.018821   0.000000   )
 (  0.363027   0.000000     0.003550   0.000000    -0.256635   0.000000   )
 (  0.026333   0.000000     0.095781   0.000000    -0.019787   0.000000   )
 ( -0.177469   0.000000    -0.300720   0.000000     0.130635   0.000000   )
 ( -0.054541   0.000000    -0.001166   0.000000     0.038482   0.000000   )
 ( -0.185399   0.000000    -0.297117   0.000000     0.125843   0.000000   )
 ( -0.054541   0.000000     0.001166   0.000000     0.038482   0.000000   )
 ( -0.177469   0.000000     0.300720   0.000000     0.130635   0.000000   )
 (  0.026333   0.000000    -0.095781   0.000000    -0.019787   0.000000   )
 (  0.363027   0.000000    -0.003550   0.000000    -0.256635   0.000000   )
 (  0.028137   0.000000     0.094840   0.000000    -0.018821   0.000000   )
     freq (   18) =       5.970553 [THz] =     199.156224 [cm-1]
 (  0.001726   0.000000     0.000086   0.000000    -0.393677   0.000000   )
 (  0.000526   0.000000     0.000099   0.000000     0.110733   0.000000   )
 ( -0.000804   0.000000    -0.001753   0.000000    -0.393831   0.000000   )
 ( -0.000238   0.000000     0.000684   0.000000     0.110636   0.000000   )
 ( -0.001083   0.000000     0.001616   0.000000    -0.391225   0.000000   )
 ( -0.000830   0.000000    -0.000648   0.000000     0.111104   0.000000   )
 ( -0.001726   0.000000     0.000086   0.000000     0.393677   0.000000   )
 (  0.000830   0.000000    -0.000648   0.000000    -0.111104   0.000000   )
 (  0.001083   0.000000     0.001616   0.000000     0.391225   0.000000   )
 (  0.000238   0.000000     0.000684   0.000000    -0.110636   0.000000   )
 (  0.000804   0.000000    -0.001753   0.000000     0.393831   0.000000   )
 ( -0.000526   0.000000     0.000099   0.000000    -0.110733   0.000000   )
     freq (   19) =       8.728669 [THz] =     291.157062 [cm-1]
 ( -0.000021   0.000000     0.179600  -0.000000    -0.000024   0.000000   )
 ( -0.000067   0.000000    -0.366520   0.000000     0.000171  -0.000000   )
 ( -0.000034   0.000000     0.179823  -0.000000    -0.000036   0.000000   )
 (  0.000186  -0.000000    -0.366552   0.000000     0.000061  -0.000000   )
 ( -0.000017   0.000000     0.179613  -0.000000    -0.000017   0.000000   )
 (  0.000036  -0.000000    -0.366673   0.000000    -0.000170   0.000000   )
 (  0.000021  -0.000000     0.179600  -0.000000     0.000024  -0.000000   )
 ( -0.000036   0.000000    -0.366673   0.000000     0.000170  -0.000000   )
 (  0.000017  -0.000000     0.179613  -0.000000     0.000017  -0.000000   )
 ( -0.000186   0.000000    -0.366552   0.000000    -0.000061   0.000000   )
 (  0.000034  -0.000000     0.179823  -0.000000     0.000036  -0.000000   )
 (  0.000067  -0.000000    -0.366520   0.000000    -0.000171   0.000000   )
     freq (   20) =       8.729143 [THz] =     291.172875 [cm-1]
 (  0.169225   0.000000     0.000013   0.000000     0.060732   0.000000   )
 ( -0.344890   0.000000     0.000428   0.000000    -0.123667   0.000000   )
 (  0.169107   0.000000    -0.000157   0.000000     0.060639   0.000000   )
 ( -0.345405   0.000000     0.000074   0.000000    -0.123739   0.000000   )
 (  0.169072   0.000000     0.000009   0.000000     0.060565   0.000000   )
 ( -0.344914   0.000000    -0.000142   0.000000    -0.123782   0.000000   )
 (  0.169225   0.000000    -0.000013   0.000000     0.060732   0.000000   )
 ( -0.344914   0.000000     0.000142   0.000000    -0.123782   0.000000   )
 (  0.169072   0.000000    -0.000009   0.000000     0.060565   0.000000   )
 ( -0.345405   0.000000    -0.000074   0.000000    -0.123739   0.000000   )
 (  0.169107   0.000000     0.000157   0.000000     0.060639   0.000000   )
 ( -0.344890   0.000000    -0.000428   0.000000    -0.123667   0.000000   )
     freq (   21) =       8.729669 [THz] =     291.190425 [cm-1]
 ( -0.060634   0.000000     0.000010   0.000000     0.169308   0.000000   )
 (  0.123936   0.000000    -0.000499   0.000000    -0.345805   0.000000   )
 ( -0.060676   0.000000     0.000108   0.000000     0.169102   0.000000   )
 (  0.123550   0.000000    -0.000053   0.000000    -0.344728   0.000000   )
 ( -0.060626   0.000000     0.000041   0.000000     0.168995   0.000000   )
 (  0.123701   0.000000     0.000036   0.000000    -0.344676   0.000000   )
 ( -0.060634   0.000000    -0.000010   0.000000     0.169308   0.000000   )
 (  0.123701   0.000000    -0.000036   0.000000    -0.344676   0.000000   )
 ( -0.060626   0.000000    -0.000041   0.000000     0.168995   0.000000   )
 (  0.123550   0.000000     0.000053   0.000000    -0.344728   0.000000   )
 ( -0.060676   0.000000    -0.000108   0.000000     0.169102   0.000000   )
 (  0.123936   0.000000     0.000499   0.000000    -0.345805   0.000000   )
     freq (   22) =       9.154282 [THz] =     305.353977 [cm-1]
 (  0.154425   0.000000    -0.000051   0.000000     0.000106   0.000000   )
 ( -0.377371   0.000000    -0.000263   0.000000    -0.000037   0.000000   )
 (  0.154297   0.000000     0.000018   0.000000     0.000181   0.000000   )
 ( -0.377751   0.000000     0.000219   0.000000    -0.000444   0.000000   )
 (  0.154318   0.000000     0.000087   0.000000    -0.000120   0.000000   )
 ( -0.378716   0.000000    -0.000124   0.000000     0.000288   0.000000   )
 ( -0.154425   0.000000    -0.000051   0.000000    -0.000106   0.000000   )
 (  0.378716   0.000000    -0.000124   0.000000    -0.000288   0.000000   )
 ( -0.154318   0.000000     0.000087   0.000000     0.000120   0.000000   )
 (  0.377751   0.000000     0.000219   0.000000     0.000444   0.000000   )
 ( -0.154297   0.000000     0.000018   0.000000    -0.000181   0.000000   )
 (  0.377371   0.000000    -0.000263   0.000000     0.000037   0.000000   )
     freq (   23) =       9.155776 [THz] =     305.403799 [cm-1]
 (  0.000059   0.000000     0.153998   0.000000     0.000106   0.000000   )
 ( -0.000194   0.000000    -0.378271   0.000000    -0.000954   0.000000   )
 (  0.000028   0.000000     0.154575   0.000000    -0.000090   0.000000   )
 ( -0.000307   0.000000    -0.378462   0.000000     0.001013   0.000000   )
 (  0.000159   0.000000     0.154025   0.000000    -0.000163   0.000000   )
 (  0.000059   0.000000    -0.377284   0.000000     0.000262   0.000000   )
 (  0.000059   0.000000    -0.153998   0.000000     0.000106   0.000000   )
 (  0.000059   0.000000     0.377284   0.000000     0.000262   0.000000   )
 (  0.000159   0.000000    -0.154025   0.000000    -0.000163   0.000000   )
 ( -0.000307   0.000000     0.378462   0.000000     0.001013   0.000000   )
 (  0.000028   0.000000    -0.154575   0.000000    -0.000090   0.000000   )
 ( -0.000194   0.000000     0.378271   0.000000    -0.000954   0.000000   )
     freq (   24) =       9.371086 [THz] =     312.585775 [cm-1]
 ( -0.009519   0.000000     0.095503   0.000000     0.021089   0.000000   )
 (  0.064705   0.000000    -0.323042   0.000000     0.204302   0.000000   )
 (  0.019996   0.000000    -0.000029   0.000000    -0.040880   0.000000   )
 (  0.061660   0.000000     0.323435   0.000000     0.200523   0.000000   )
 ( -0.010490   0.000000    -0.095570   0.000000     0.019699   0.000000   )
 ( -0.126259   0.000000    -0.000199   0.000000    -0.404717   0.000000   )
 (  0.009519   0.000000     0.095503   0.000000    -0.021089   0.000000   )
 (  0.126259   0.000000    -0.000199   0.000000     0.404717   0.000000   )
 (  0.010490   0.000000    -0.095570   0.000000    -0.019699   0.000000   )
 ( -0.061660   0.000000     0.323435   0.000000    -0.200523   0.000000   )
 ( -0.019996   0.000000    -0.000029   0.000000     0.040880   0.000000   )
 ( -0.064705   0.000000    -0.323042   0.000000    -0.204302   0.000000   )
     freq (   25) =       9.372198 [THz] =     312.622881 [cm-1]
 ( -0.016914   0.000000    -0.055626   0.000000     0.035863   0.000000   )
 ( -0.109223   0.000000    -0.186123   0.000000    -0.352478   0.000000   )
 ( -0.000475   0.000000     0.110141   0.000000    -0.000821   0.000000   )
 (  0.108108   0.000000    -0.184684   0.000000     0.350111   0.000000   )
 (  0.017767   0.000000    -0.055415   0.000000    -0.035389   0.000000   )
 (  0.000372   0.000000     0.373320   0.000000     0.003054   0.000000   )
 ( -0.016914   0.000000     0.055626   0.000000     0.035863   0.000000   )
 (  0.000372   0.000000    -0.373320   0.000000     0.003054   0.000000   )
 (  0.017767   0.000000     0.055415   0.000000    -0.035389   0.000000   )
 (  0.108108   0.000000     0.184684   0.000000     0.350111   0.000000   )
 ( -0.000475   0.000000    -0.110141   0.000000    -0.000821   0.000000   )
 ( -0.109223   0.000000     0.186123   0.000000    -0.352478   0.000000   )
     freq (   26) =       9.434154 [THz] =     314.689499 [cm-1]
 (  0.096831   0.000000    -0.000422   0.000000     0.136505   0.000000   )
 (  0.270868   0.000000     0.000820   0.000000     0.384226   0.000000   )
 ( -0.000267   0.000000    -0.000259   0.000000     0.000446   0.000000   )
 ( -0.270572   0.000000    -0.001990   0.000000    -0.386886   0.000000   )
 ( -0.096816   0.000000     0.000719   0.000000    -0.136799   0.000000   )
 (  0.000405   0.000000     0.001125   0.000000     0.002713   0.000000   )
 ( -0.096831   0.000000    -0.000422   0.000000    -0.136505   0.000000   )
 ( -0.000405   0.000000     0.001125   0.000000    -0.002713   0.000000   )
 (  0.096816   0.000000     0.000719   0.000000     0.136799   0.000000   )
 (  0.270572   0.000000    -0.001990   0.000000     0.386886   0.000000   )
 (  0.000267   0.000000    -0.000259   0.000000    -0.000446   0.000000   )
 ( -0.270868   0.000000     0.000820   0.000000    -0.384226   0.000000   )
     freq (   27) =       9.436370 [THz] =     314.763416 [cm-1]
 (  0.056029  -0.000000    -0.000376   0.000000     0.078634  -0.000000   )
 ( -0.153741   0.000000    -0.002486   0.000000    -0.221902   0.000000   )
 ( -0.111932   0.000000    -0.000522   0.000000    -0.157681   0.000000   )
 ( -0.155791   0.000000     0.004936  -0.000000    -0.225152   0.000000   )
 (  0.055944  -0.000000     0.000697  -0.000000     0.078798  -0.000000   )
 (  0.309445  -0.000000    -0.002004   0.000000     0.447564  -0.000000   )
 (  0.056029  -0.000000     0.000376  -0.000000     0.078634  -0.000000   )
 (  0.309445  -0.000000     0.002004  -0.000000     0.447564  -0.000000   )
 (  0.055944  -0.000000    -0.000697   0.000000     0.078798  -0.000000   )
 ( -0.155791   0.000000    -0.004936   0.000000    -0.225152   0.000000   )
 ( -0.111932   0.000000     0.000522  -0.000000    -0.157681   0.000000   )
 ( -0.153741   0.000000     0.002486  -0.000000    -0.221902   0.000000   )
     freq (   28) =       9.517539 [THz] =     317.470933 [cm-1]
 (  0.016500   0.000000    -0.038732   0.000000    -0.012788   0.000000   )
 (  0.185394   0.000000    -0.310133   0.000000    -0.126438   0.000000   )
 ( -0.032705   0.000000    -0.000151   0.000000     0.025766   0.000000   )
 (  0.183608   0.000000     0.311345   0.000000    -0.127046   0.000000   )
 (  0.016473   0.000000     0.038982   0.000000    -0.013165   0.000000   )
 ( -0.369563   0.000000    -0.001426   0.000000     0.253888   0.000000   )
 (  0.016500   0.000000     0.038732   0.000000    -0.012788   0.000000   )
 ( -0.369563   0.000000     0.001426   0.000000     0.253888   0.000000   )
 (  0.016473   0.000000    -0.038982   0.000000    -0.013165   0.000000   )
 (  0.183608   0.000000    -0.311345   0.000000    -0.127046   0.000000   )
 ( -0.032705   0.000000     0.000151   0.000000     0.025766   0.000000   )
 (  0.185394   0.000000     0.310133   0.000000    -0.126438   0.000000   )
     freq (   29) =       9.518102 [THz] =     317.489718 [cm-1]
 ( -0.029184   0.000000    -0.022505   0.000000     0.021200   0.000000   )
 (  0.317967   0.000000     0.179356   0.000000    -0.223210   0.000000   )
 ( -0.000049   0.000000     0.044906   0.000000     0.000172   0.000000   )
 ( -0.317630   0.000000     0.179446   0.000000     0.222267   0.000000   )
 (  0.029189   0.000000    -0.022361   0.000000    -0.021365   0.000000   )
 ( -0.000185   0.000000    -0.358861   0.000000     0.000253   0.000000   )
 (  0.029184   0.000000    -0.022505   0.000000    -0.021200   0.000000   )
 (  0.000185   0.000000    -0.358861   0.000000    -0.000253   0.000000   )
 ( -0.029189   0.000000    -0.022361   0.000000     0.021365   0.000000   )
 (  0.317630   0.000000     0.179446   0.000000    -0.222267   0.000000   )
 (  0.000049   0.000000     0.044906   0.000000    -0.000172   0.000000   )
 ( -0.317967   0.000000     0.179356   0.000000     0.223210   0.000000   )
     freq (   30) =       9.648831 [THz] =     321.850348 [cm-1]
 (  0.005972   0.000000    -0.033126   0.000000    -0.079421   0.000000   )
 (  0.187187   0.000000    -0.231495   0.000000    -0.154637   0.000000   )
 ( -0.012813   0.000000    -0.000016   0.000000     0.158620   0.000000   )
 (  0.188525   0.000000     0.231081   0.000000    -0.154018   0.000000   )
 (  0.006188   0.000000     0.033239   0.000000    -0.078947   0.000000   )
 ( -0.374195   0.000000     0.000263   0.000000     0.307626   0.000000   )
 ( -0.005972   0.000000    -0.033126   0.000000     0.079421   0.000000   )
 (  0.374195   0.000000     0.000263   0.000000    -0.307626   0.000000   )
 ( -0.006188   0.000000     0.033239   0.000000     0.078947   0.000000   )
 ( -0.188525   0.000000     0.231081   0.000000     0.154018   0.000000   )
 (  0.012813   0.000000    -0.000016   0.000000    -0.158620   0.000000   )
 ( -0.187187   0.000000    -0.231495   0.000000     0.154637   0.000000   )
     freq (   31) =       9.650751 [THz] =     321.914417 [cm-1]
 ( -0.010850   0.000000    -0.019072   0.000000     0.136863   0.000000   )
 (  0.325223   0.000000     0.134555   0.000000    -0.264727   0.000000   )
 (  0.000143   0.000000     0.038005   0.000000     0.000016   0.000000   )
 ( -0.325557   0.000000     0.133330   0.000000     0.266298   0.000000   )
 (  0.010606   0.000000    -0.019284   0.000000    -0.137324   0.000000   )
 (  0.000575   0.000000    -0.267143   0.000000    -0.000673   0.000000   )
 ( -0.010850   0.000000     0.019072   0.000000     0.136863   0.000000   )
 (  0.000575   0.000000     0.267143   0.000000    -0.000673   0.000000   )
 (  0.010606   0.000000     0.019284   0.000000    -0.137324   0.000000   )
 ( -0.325557   0.000000    -0.133330   0.000000     0.266298   0.000000   )
 (  0.000143   0.000000    -0.038005   0.000000     0.000016   0.000000   )
 (  0.325223   0.000000    -0.134555   0.000000    -0.264727   0.000000   )
     freq (   32) =      10.373361 [THz] =     346.018072 [cm-1]
 ( -0.000528   0.000000    -0.000439   0.000000    -0.055629   0.000000   )
 (  0.000817  -0.000000     0.002298  -0.000000    -0.403161   0.000000   )
 (  0.000771  -0.000000    -0.000159   0.000000    -0.056291   0.000000   )
 (  0.001871  -0.000000    -0.001865   0.000000    -0.403993   0.000000   )
 ( -0.000316   0.000000     0.000607  -0.000000    -0.055799   0.000000   )
 ( -0.002591   0.000000    -0.000465   0.000000    -0.406021   0.000000   )
 (  0.000528  -0.000000    -0.000439   0.000000     0.055629  -0.000000   )
 (  0.002591  -0.000000    -0.000465   0.000000     0.406021  -0.000000   )
 (  0.000316  -0.000000     0.000607  -0.000000     0.055799  -0.000000   )
 ( -0.001871   0.000000    -0.001865   0.000000     0.403993  -0.000000   )
 ( -0.000771   0.000000    -0.000159   0.000000     0.056291  -0.000000   )
 ( -0.000817   0.000000     0.002298  -0.000000     0.403161  -0.000000   )
     freq (   33) =      10.480330 [THz] =     349.586195 [cm-1]
 (  0.095185   0.000000    -0.045076   0.000000    -0.032980   0.000000   )
 (  0.356106   0.000000    -0.161154   0.000000     0.172310   0.000000   )
 ( -0.000209   0.000000     0.090501   0.000000     0.000200   0.000000   )
 ( -0.356671   0.000000    -0.159393   0.000000    -0.171639   0.000000   )
 ( -0.095010   0.000000    -0.045497   0.000000     0.032711   0.000000   )
 (  0.000637   0.000000     0.320795   0.000000    -0.000571   0.000000   )
 (  0.095185   0.000000     0.045076   0.000000    -0.032980   0.000000   )
 (  0.000637   0.000000    -0.320795   0.000000    -0.000571   0.000000   )
 ( -0.095010   0.000000     0.045497   0.000000     0.032711   0.000000   )
 ( -0.356671   0.000000     0.159393   0.000000    -0.171639   0.000000   )
 ( -0.000209   0.000000    -0.090501   0.000000     0.000200   0.000000   )
 (  0.356106   0.000000     0.161154   0.000000     0.172310   0.000000   )
     freq (   34) =      10.482539 [THz] =     349.659851 [cm-1]
 ( -0.055946   0.000000    -0.077775   0.000000     0.020007   0.000000   )
 (  0.203244   0.000000     0.279956   0.000000     0.104147   0.000000   )
 (  0.109842   0.000000    -0.001328   0.000000    -0.037094   0.000000   )
 (  0.209179   0.000000    -0.274511   0.000000     0.099866   0.000000   )
 ( -0.054082   0.000000     0.079034   0.000000     0.018628   0.000000   )
 ( -0.411973   0.000000    -0.005306   0.000000    -0.195178   0.000000   )
 (  0.055946   0.000000    -0.077775   0.000000    -0.020007   0.000000   )
 (  0.411973   0.000000    -0.005306   0.000000     0.195178   0.000000   )
 (  0.054082   0.000000     0.079034   0.000000    -0.018628   0.000000   )
 ( -0.209179   0.000000    -0.274511   0.000000    -0.099866   0.000000   )
 ( -0.109842   0.000000    -0.001328   0.000000     0.037094   0.000000   )
 ( -0.203244   0.000000     0.279956   0.000000    -0.104147   0.000000   )
     freq (   35) =      10.511393 [THz] =     350.622325 [cm-1]
 (  0.044476   0.000000     0.091785   0.000000    -0.031541   0.000000   )
 ( -0.142882   0.000000    -0.376504   0.000000     0.099823   0.000000   )
 ( -0.089347   0.000000    -0.000201   0.000000     0.063117   0.000000   )
 ( -0.141088   0.000000     0.377182   0.000000     0.100698   0.000000   )
 (  0.044928   0.000000    -0.091547   0.000000    -0.031605   0.000000   )
 (  0.283881   0.000000    -0.000724   0.000000    -0.200503   0.000000   )
 (  0.044476   0.000000    -0.091785   0.000000    -0.031541   0.000000   )
 (  0.283881   0.000000     0.000724   0.000000    -0.200503   0.000000   )
 (  0.044928   0.000000     0.091547   0.000000    -0.031605   0.000000   )
 ( -0.141088   0.000000    -0.377182   0.000000     0.100698   0.000000   )
 ( -0.089347   0.000000     0.000201   0.000000     0.063117   0.000000   )
 ( -0.142882   0.000000     0.376504   0.000000     0.099823   0.000000   )
     freq (   36) =      10.514558 [THz] =     350.727909 [cm-1]
 ( -0.076711   0.000000     0.053946   0.000000     0.054542   0.000000   )
 ( -0.248364   0.000000     0.214250   0.000000     0.172940   0.000000   )
 ( -0.001347   0.000000    -0.106033   0.000000     0.000569   0.000000   )
 (  0.243312   0.000000     0.220974   0.000000    -0.174280   0.000000   )
 (  0.078050   0.000000     0.052018   0.000000    -0.054711   0.000000   )
 (  0.005117   0.000000    -0.435039   0.000000     0.003104   0.000000   )
 (  0.076711   0.000000     0.053946   0.000000    -0.054542   0.000000   )
 ( -0.005117   0.000000    -0.435039   0.000000    -0.003104   0.000000   )
 ( -0.078050   0.000000     0.052018   0.000000     0.054711   0.000000   )
 ( -0.243312   0.000000     0.220974   0.000000     0.174280   0.000000   )
 (  0.001347   0.000000    -0.106033   0.000000    -0.000569   0.000000   )
 (  0.248364   0.000000     0.214250   0.000000    -0.172940   0.000000   )
 **************************************************************************
